2454.00000000000000000000
2452.00000000000000000000
2549.00000000000000000000
2344.00000000000000000000
2447.00000000000000000000
2979.00000000000000000000
2365.00000000000000000000
2580.00000000000000000000
2459.00000000000000000000
2515.00000000000000000000
2745.00000000000000000000
2590.00000000000000000000
2522.00000000000000000000
2657.00000000000000000000
2418.00000000000000000000
2544.00000000000000000000
2821.00000000000000000000
2562.00000000000000000000
2348.00000000000000000000
2457.00000000000000000000
2550.00000000000000000000
2611.00000000000000000000
2455.00000000000000000000
2742.00000000000000000000
2434.00000000000000000000
2249.00000000000000000000
2922.00000000000000000000
2524.00000000000000000000
2728.00000000000000000000
2420.00000000000000000000
