1806499.77146449000000000000
1759841.09066887300000000000
1773533.16100531860000000000
1748845.31279573870000000000
1735527.28850103080000000000
1799348.39782286090000000000
1745261.82244317860000000000
1793222.77236043920000000000
1660956.34042456860000000000
1782415.07955687210000000000
1773172.64831759570000000000
1773755.55386973500000000000
1741513.36127902130000000000
1703424.05971534740000000000
1772589.16581814500000000000
1641142.91662199350000000000
1827282.24117386880000000000
1695467.56781220020000000000
1789734.31381651760000000000
1745842.60532538430000000000
1719308.36490642810000000000
1782611.23841976630000000000
1762788.16187810530000000000
1782529.62170217330000000000
1721582.28174909650000000000
1735003.64384609040000000000
1717273.89438720680000000000
1773361.72095261160000000000
1820873.36322793100000000000
1770795.06535548250000000000
