1219.76056651042950000000
1116.12188438120190000000
1141.21242093352700000000
1041.72242903204600000000
1104.48322142850270000000
1119.33675402098360000000
1116.75527147088600000000
1167.61049478417110000000
1147.11157222533980000000
1172.44099772210920000000
1078.69174553430820000000
1160.40690812382260000000
1131.96908834206300000000
1173.97616183722630000000
1164.93781334836700000000
1095.77619132521480000000
1153.11101663998940000000
1149.54487117856140000000
1064.06100769528730000000
1115.84228173636070000000
1024.74758598841600000000
1125.38124961922800000000
1147.97490617478390000000
1139.21035759280220000000
1166.27251378532700000000
1274.62141422770880000000
1137.75393955796860000000
1149.06444405692580000000
1094.88626757239420000000
1132.34162842120740000000
