9661.04361843338700000000
9632.88134748522700000000
9310.12593314760500000000
9633.56573243599600000000
9209.28059198408100000000
9100.44669025313300000000
9235.48611684414400000000
9358.70349512507500000000
9172.93185411801500000000
9249.89632205337300000000
9430.55631635508500000000
9242.61217691889000000000
9734.08612769014100000000
9517.97895500431300000000
9337.20571053395700000000
9947.45239440383200000000
9081.90191221529500000000
9671.00003892710400000000
9907.13208265586400000000
9338.31146426244400000000
8777.32339098026000000000
9680.80676294178600000000
9528.45505266064200000000
9657.54457998039300000000
9344.77672015501000000000
9244.32799538628000000000
9514.69833911960000000000
9455.18861534394300000000
8378.80520444414500000000
9122.75549418207000000000
