44059.50393596543000000000
44243.98410348020000000000
43242.56133978031000000000
44770.33529362088000000000
46254.17880491712000000000
46064.68232913780000000000
45266.38524154728000000000
45502.32587415389600000000
45800.35832679831000000000
43795.78908746758000000000
44040.46389631639600000000
43509.00433577655000000000
43459.59268692801600000000
45343.53092194412600000000
46897.82191596544000000000
43820.11583217616000000000
46286.25893396188000000000
42537.38607725879400000000
43575.69270000067600000000
44628.45377370279000000000
44690.48229113268500000000
44630.00040609884000000000
45417.67375614308000000000
45327.22210130721000000000
43708.48183396618000000000
46090.81350646373000000000
44622.29548739202400000000
44676.32458885794000000000
43898.93012028438000000000
46208.99639097668000000000
